Numero de cubetas: 20
Client localhost:2000
Bucket client 18 : []
Bucket sorted from server: []
Server localhost:2000
Bucket server: []
Bucket sorted in server: []
Server localhost:2001
Server localhost:2002
Client localhost:2001
Bucket client 19 : []
Bucket sorted from server: []
Server localhost:2003
Client localhost:2002
Client localhost:2003
Server localhost:2005
Bucket client 5 : [922 989 973 950 997 899 894 952 923 884 962 970 898 943 998 974 930 882 951 886 988 901 923 971 973 879 971 924 901 976 895 992 952 993 882 897 922 983 913 923 957 935 932 919 898 897 888 983 989 888 924 891 996 950 998 946 875 907 961 918 894 969 923 934 922 889 882 882 997 876 944 962 877 886 969 961 923 963 948 989 951 938 971 940 997 971 882 962 962 879 883 966 919 932 878 906 983 949 901 917 964 997 934 880 875 953 914 965 932 934 908 992 879 895 898 937 965 928 955 944 891 942 954 987 888 976 902 923 955 894 919 891 954 883 973 939 991 899 940 879 930 893 889 975 890 997 950 963 988 906 887 887 900 960 885 914 894 892 930 909 996 881 886 977 875 942 968 922 927 944 975 945 947 973 906 900 977 976 907 993 955 999 909 909 962 911 885 983 922 895 907 961 890 950 986 943 916 879 994 913 882 890 980 991 999 962 985 897 923 899 932 892 882 991 933 932 896 904 946 880 988 930 937 935 921 974 933 966 918 967 936 939 926 968 903 980 915 887 951 948 917 906 907 885 955 933 969 952 914 879 877 942 932 907 958 984 962 972 887 900 961 904 884 972 882 995 980 903 882 946 960 969 897 894 890 909 938 944 901 942 931 875 985 961 923 898 974 938 933 973 880 930 984 972 919 972 912 912 934 982 957 932 958 984 877 994 934 917 941 914 973 969 950 954 920 907 987 967 916 905 960 943 990 908 958 903 988 909 995 934 962 974 940 896 996 987 981 906 905 912 974 943 999 918 911 885 898 875 914 906 979 969 903 881 902 985 939 919 961 986 885 986 932 989 957 922 932 901 965 912 882 919 990 924 882 974 975 988 978 970 923 981 930 919 907 949 925 904 921 900 947 918 915 925 921 938 983 983 946 962 976 902 911 904 971 922 944 920 923 880 887 997 970 981 946 944 930 972 906 987 962 943 945 921 899 978 951 950 944 979 902 916 879 897 963 909 987 961]
Server localhost:2004
Client localhost:2004
Bucket client 11 : []
Bucket client 0 : [5 156 118 79 7 99 43 10 64 132 81 85 100 124 60 23 29 165 36 141 136 31 70 27 120 72 157 20 146 89 14 90 101 121 144 165 67 118 94 121 16 89 35 150 13 142 73 134 54 37 6 77 157 113 116 16 43 135 122 122 3 143 14 63 155 25 89 94 90 104 129 19 105 104 7 113 123 72 115 51 129 21 49 126 174 108 53 17 61 137 32 3 102 170 22 105 104 61 108 157 55 66 16 75 63 105 45 29 104 80 135 15 64 146 85 28 32 164 171 4 94 50 173 55 60 119 173 52 48 115 86 60 40 25 31 39 149 27 168 174 169 78 23 110 110 0 133 142 70 15 89 118 15 154 108 131 147 33 70 152 14 131 36 168 117 114 132 12 16 5 130 143 108 1 34 158 41 81 143 117 61 83 58 45 66 99 94 134 42 130 82 30 119 131 45 135 52 2 27 118 146 140 33 120 102 112 158 92 9 69 55 147 113 141 144 112 4 153 138 100 70 100 172 75 14 87 121 25 74 169 6 81 14 168 173 150 40 165 170 45 162 50 109 72 15 96 130 146 23 100 103 135 95 17 144 105 129 136 90 105 119 35 152 96 163 1 19 160 101 35 71 36 79 58 68 90 73 74 89 107 72 139 115 54 97 89 148 46 141 172 167 40 130 57 116 104 64 54 3 58 89 140 2 30 6 71 33 72 39 83 52 8 97 158 116 22 52 161 156 84 57 4 100 46 110 95 1 7 57 135 82 56 32 48 131 48 98 144 157 81 28 140 2 14 57 140 46 16 67 173 30 52 159 157 91 154 157 39 88 85 156 108 58 114 107 136 174 165 163 168 110 18 77 97 66 151 57 68 49 105 64 43 173 74 171 2 118 137 139 21 10 163 57 86 163 38 122 66 173 121 170 45 41 37 87 134 160 165 47 75 102 67 143 142 70 144 39 83 65 62 118 134 135 75 114 74 173 73 119 60 78 148 0 143 140 29 106 39 28 46 145 76 79 102 113 34 150 81 35 1 28 55 119 27 172 107 59 102 46 89 15 38 2 31 91 78 64 117 28 154 172 55 157 4 121 87 86 10 87 49 36 50 135 96 74 160 45 168 42 8 107 86 15 123 4 110 74 141 22 69 77 170 125 34 72 51 86 78 152 43 39 53 127 100 67 136 46 157 94 136 66 36 95 172 134 111 11 148 14 159 123 109 104 119 20 167 159 79 132 153 120 12 57 26 51 83 64 75 52 153 80 89 134 19 39 130 106 21 34 141 82 93 141 141 126 108 55 116 168 144 39 106 28 126 54 66 57 72 113 65 86 59 32 80 122 160 47 149 74 34 45 91 112 100 166]
Bucket sorted from server: []
Server localhost:2006
Bucket server: []
Client localhost:2005
Bucket client 6 : []
Bucket sorted from server: []
Bucket server: []
Bucket sorted in server: []
Bucket sorted in server: []
Bucket server: [922 989 973 950 997 899 894 952 923 884 962 970 898 943 998 974 930 882 951 886 988 901 923 971 973 879 971 924 901 976 895 992 952 993 882 897 922 983 913 923 957 935 932 919 898 897 888 983 989 888 924 891 996 950 998 946 875 907 961 918 894 969 923 934 922 889 882 882 997 876 944 962 877 886 969 961 923 963 948 989 951 938 971 940 997 971 882 962 962 879 883 966 919 932 878 906 983 949 901 917 964 997 934 880 875 953 914 965 932 934 908 992 879 895 898 937 965 928 955 944 891 942 954 987 888 976 902 923 955 894 919 891 954 883 973 939 991 899 940 879 930 893 889 975 890 997 950 963 988 906 887 887 900 960 885 914 894 892 930 909 996 881 886 977 875 942 968 922 927 944 975 945 947 973 906 900 977 976 907 993 955 999 909 909 962 911 885 983 922 895 907 961 890 950 986 943 916 879 994 913 882 890 980 991 999 962 985 897 923 899 932 892 882 991 933 932 896 904 946 880 988 930 937 935 921 974 933 966 918 967 936 939 926 968 903 980 915 887 951 948 917 906 907 885 955 933 969 952 914 879 877 942 932 907 958 984 962 972 887 900 961 904 884 972 882 995 980 903 882 946 960 969 897 894 890 909 938 944 901 942 931 875 985 961 923 898 974 938 933 973 880 930 984 972 919 972 912 912 934 982 957 932 958 984 877 994 934 917 941 914 973 969 950 954 920 907 987 967 916 905 960 943 990 908 958 903 988 909 995 934 962 974 940 896 996 987 981 906 905 912 974 943 999 918 911 885 898 875 914 906 979 969 903 881 902 985 939 919 961 986 885 986 932 989 957 922 932 901 965 912 882 919 990 924 882 974 975 988 978 970 923 981 930 919 907 949 925 904 921 900 947 918 915 925 921 938 983 983 946 962 976 902 911 904 971 922 944 920 923 880 887 997 970 981 946 944 930 972 906 987 962 943 945 921 899 978 951 950 944 979 902 916 879 897 963 909 987 961]
Bucket server: [5 156 118 79 7 99 43 10 64 132 81 85 100 124 60 23 29 165 36 141 136 31 70 27 120 72 157 20 146 89 14 90 101 121 144 165 67 118 94 121 16 89 35 150 13 142 73 134 54 37 6 77 157 113 116 16 43 135 122 122 3 143 14 63 155 25 89 94 90 104 129 19 105 104 7 113 123 72 115 51 129 21 49 126 174 108 53 17 61 137 32 3 102 170 22 105 104 61 108 157 55 66 16 75 63 105 45 29 104 80 135 15 64 146 85 28 32 164 171 4 94 50 173 55 60 119 173 52 48 115 86 60 40 25 31 39 149 27 168 174 169 78 23 110 110 0 133 142 70 15 89 118 15 154 108 131 147 33 70 152 14 131 36 168 117 114 132 12 16 5 130 143 108 1 34 158 41 81 143 117 61 83 58 45 66 99 94 134 42 130 82 30 119 131 45 135 52 2 27 118 146 140 33 120 102 112 158 92 9 69 55 147 113 141 144 112 4 153 138 100 70 100 172 75 14 87 121 25 74 169 6 81 14 168 173 150 40 165 170 45 162 50 109 72 15 96 130 146 23 100 103 135 95 17 144 105 129 136 90 105 119 35 152 96 163 1 19 160 101 35 71 36 79 58 68 90 73 74 89 107 72 139 115 54 97 89 148 46 141 172 167 40 130 57 116 104 64 54 3 58 89 140 2 30 6 71 33 72 39 83 52 8 97 158 116 22 52 161 156 84 57 4 100 46 110 95 1 7 57 135 82 56 32 48 131 48 98 144 157 81 28 140 2 14 57 140 46 16 67 173 30 52 159 157 91 154 157 39 88 85 156 108 58 114 107 136 174 165 163 168 110 18 77 97 66 151 57 68 49 105 64 43 173 74 171 2 118 137 139 21 10 163 57 86 163 38 122 66 173 121 170 45 41 37 87 134 160 165 47 75 102 67 143 142 70 144 39 83 65 62 118 134 135 75 114 74 173 73 119 60 78 148 0 143 140 29 106 39 28 46 145 76 79 102 113 34 150 81 35 1 28 55 119 27 172 107 59 102 46 89 15 38 2 31 91 78 64 117 28 154 172 55 157 4 121 87 86 10 87 49 36 50 135 96 74 160 45 168 42 8 107 86 15 123 4 110 74 141 22 69 77 170 125 34 72 51 86 78 152 43 39 53 127 100 67 136 46 157 94 136 66 36 95 172 134 111 11 148 14 159 123 109 104 119 20 167 159 79 132 153 120 12 57 26 51 83 64 75 52 153 80 89 134 19 39 130 106 21 34 141 82 93 141 141 126 108 55 116 168 144 39 106 28 126 54 66 57 72 113 65 86 59 32 80 122 160 47 149 74 34 45 91 112 100 166]
Server localhost:2007
Bucket server: []
Bucket sorted in server: []
Server localhost:2008
Bucket sorted in server: [0 0 1 1 1 1 2 2 2 2 2 3 3 3 4 4 4 4 4 5 5 6 6 6 7 7 7 8 8 9 10 10 10 11 12 12 13 14 14 14 14 14 14 14 15 15 15 15 15 15 16 16 16 16 16 17 17 18 19 19 19 20 20 21 21 21 22 22 22 23 23 23 25 25 25 26 27 27 27 27 28 28 28 28 28 28 29 29 29 30 30 30 31 31 31 32 32 32 32 33 33 33 34 34 34 34 34 35 35 35 35 36 36 36 36 36 37 37 38 38 39 39 39 39 39 39 39 39 40 40 40 41 41 42 42 43 43 43 43 45 45 45 45 45 45 45 46 46 46 46 46 46 47 47 48 48 48 49 49 49 50 50 50 51 51 51 52 52 52 52 52 52 53 53 54 54 54 54 55 55 55 55 55 55 56 57 57 57 57 57 57 57 57 58 58 58 58 59 59 60 60 60 60 61 61 61 62 63 63 64 64 64 64 64 64 65 65 66 66 66 66 66 66 67 67 67 67 68 68 69 69 70 70 70 70 70 71 71 72 72 72 72 72 72 72 73 73 73 74 74 74 74 74 74 74 75 75 75 75 75 76 77 77 77 78 78 78 78 79 79 79 79 80 80 80 81 81 81 81 81 82 82 82 83 83 83 83 84 85 85 85 86 86 86 86 86 86 87 87 87 87 88 89 89 89 89 89 89 89 89 89 90 90 90 90 91 91 91 92 93 94 94 94 94 94 95 95 95 96 96 96 97 97 97 98 99 99 100 100 100 100 100 100 100 101 101 102 102 102 102 102 103 104 104 104 104 104 104 105 105 105 105 105 105 106 106 106 107 107 107 107 108 108 108 108 108 108 109 109 110 110 110 110 110 111 112 112 112 113 113 113 113 113 114 114 114 115 115 115 116 116 116 116 117 117 117 118 118 118 118 118 118 119 119 119 119 119 119 120 120 120 121 121 121 121 121 122 122 122 122 123 123 123 124 125 126 126 126 127 129 129 129 130 130 130 130 130 131 131 131 131 132 132 132 133 134 134 134 134 134 134 135 135 135 135 135 135 135 136 136 136 136 136 137 137 138 139 139 140 140 140 140 140 141 141 141 141 141 141 141 142 142 142 143 143 143 143 143 144 144 144 144 144 144 145 146 146 146 146 147 147 148 148 148 149 149 150 150 150 151 152 152 152 153 153 153 154 154 154 155 156 156 156 157 157 157 157 157 157 157 157 158 158 158 159 159 159 160 160 160 160 161 162 163 163 163 163 164 165 165 165 165 165 166 167 167 168 168 168 168 168 168 169 169 170 170 170 170 171 171 172 172 172 172 172 173 173 173 173 173 173 173 174 174 174]
Bucket sorted in server: [875 875 875 875 875 876 877 877 877 878 879 879 879 879 879 879 879 880 880 880 880 881 881 882 882 882 882 882 882 882 882 882 882 882 883 883 884 884 885 885 885 885 885 886 886 886 887 887 887 887 887 888 888 888 889 889 890 890 890 890 891 891 891 892 892 893 894 894 894 894 894 895 895 895 896 896 897 897 897 897 897 898 898 898 898 898 899 899 899 899 900 900 900 900 901 901 901 901 901 902 902 902 902 903 903 903 903 904 904 904 904 905 905 906 906 906 906 906 906 906 907 907 907 907 907 907 907 908 908 909 909 909 909 909 909 911 911 911 912 912 912 912 913 913 914 914 914 914 914 915 915 916 916 916 917 917 917 918 918 918 918 919 919 919 919 919 919 919 920 920 921 921 921 921 922 922 922 922 922 922 922 923 923 923 923 923 923 923 923 923 923 924 924 924 925 925 926 927 928 930 930 930 930 930 930 930 931 932 932 932 932 932 932 932 932 932 933 933 933 933 934 934 934 934 934 934 935 935 936 937 937 938 938 938 938 939 939 939 940 940 940 941 942 942 942 942 943 943 943 943 943 944 944 944 944 944 944 944 945 945 946 946 946 946 946 947 947 948 948 949 949 950 950 950 950 950 950 951 951 951 951 952 952 952 953 954 954 954 955 955 955 955 957 957 957 958 958 958 960 960 960 961 961 961 961 961 961 961 962 962 962 962 962 962 962 962 962 962 963 963 963 964 965 965 965 966 966 967 967 968 968 969 969 969 969 969 969 970 970 970 971 971 971 971 971 972 972 972 972 972 973 973 973 973 973 973 974 974 974 974 974 974 975 975 975 976 976 976 976 977 977 978 978 979 979 980 980 980 981 981 981 982 983 983 983 983 983 983 984 984 984 985 985 985 986 986 986 987 987 987 987 987 988 988 988 988 988 989 989 989 989 990 990 991 991 991 992 992 993 993 994 994 995 995 996 996 996 997 997 997 997 997 997 998 998 999 999 999]
Server localhost:2010
Server localhost:2009
Client localhost:2007
Bucket client 14 : []
Client localhost:2009
Bucket sorted from server: []
Client localhost:2008
Bucket sorted from server: [0 0 1 1 1 1 2 2 2 2 2 3 3 3 4 4 4 4 4 5 5 6 6 6 7 7 7 8 8 9 10 10 10 11 12 12 13 14 14 14 14 14 14 14 15 15 15 15 15 15 16 16 16 16 16 17 17 18 19 19 19 20 20 21 21 21 22 22 22 23 23 23 25 25 25 26 27 27 27 27 28 28 28 28 28 28 29 29 29 30 30 30 31 31 31 32 32 32 32 33 33 33 34 34 34 34 34 35 35 35 35 36 36 36 36 36 37 37 38 38 39 39 39 39 39 39 39 39 40 40 40 41 41 42 42 43 43 43 43 45 45 45 45 45 45 45 46 46 46 46 46 46 47 47 48 48 48 49 49 49 50 50 50 51 51 51 52 52 52 52 52 52 53 53 54 54 54 54 55 55 55 55 55 55 56 57 57 57 57 57 57 57 57 58 58 58 58 59 59 60 60 60 60 61 61 61 62 63 63 64 64 64 64 64 64 65 65 66 66 66 66 66 66 67 67 67 67 68 68 69 69 70 70 70 70 70 71 71 72 72 72 72 72 72 72 73 73 73 74 74 74 74 74 74 74 75 75 75 75 75 76 77 77 77 78 78 78 78 79 79 79 79 80 80 80 81 81 81 81 81 82 82 82 83 83 83 83 84 85 85 85 86 86 86 86 86 86 87 87 87 87 88 89 89 89 89 89 89 89 89 89 90 90 90 90 91 91 91 92 93 94 94 94 94 94 95 95 95 96 96 96 97 97 97 98 99 99 100 100 100 100 100 100 100 101 101 102 102 102 102 102 103 104 104 104 104 104 104 105 105 105 105 105 105 106 106 106 107 107 107 107 108 108 108 108 108 108 109 109 110 110 110 110 110 111 112 112 112 113 113 113 113 113 114 114 114 115 115 115 116 116 116 116 117 117 117 118 118 118 118 118 118 119 119 119 119 119 119 120 120 120 121 121 121 121 121 122 122 122 122 123 123 123 124 125 126 126 126 127 129 129 129 130 130 130 130 130 131 131 131 131 132 132 132 133 134 134 134 134 134 134 135 135 135 135 135 135 135 136 136 136 136 136 137 137 138 139 139 140 140 140 140 140 141 141 141 141 141 141 141 142 142 142 143 143 143 143 143 144 144 144 144 144 144 145 146 146 146 146 147 147 148 148 148 149 149 150 150 150 151 152 152 152 153 153 153 154 154 154 155 156 156 156 157 157 157 157 157 157 157 157 158 158 158 159 159 159 160 160 160 160 161 162 163 163 163 163 164 165 165 165 165 165 166 167 167 168 168 168 168 168 168 169 169 170 170 170 170 171 171 172 172 172 172 172 173 173 173 173 173 173 173 174 174 174]
Bucket client 17 : []
Bucket server: []
Bucket sorted in server: []
Client localhost:2006
Bucket sorted from server: []
Bucket client 4 : [760 710 783 756 774 717 864 711 851 872 870 744 796 766 798 814 823 750 829 864 701 741 727 763 732 762 714 859 843 842 748 731 798 743 812 769 740 765 723 793 778 763 874 780 805 831 720 830 794 803 826 724 872 756 831 823 724 835 871 863 795 831 872 727 807 740 765 801 842 835 763 738 760 775 821 846 789 848 785 817 843 844 755 857 701 861 728 874 731 870 750 771 770 734 795 803 819 832 727 823 821 869 757 757 826 714 739 858 867 769 864 756 845 715 847 825 767 861 723 785 827 705 744 859 754 771 793 861 793 791 707 762 739 729 780 705 801 732 795 765 770 800 724 833 829 861 859 755 773 706 762 704 841 734 760 762 867 794 729 841 845 776 719 744 820 815 749 809 795 784 803 777 785 842 812 807 724 854 862 765 803 812 868 867 758 861 766 751 781 819 824 763 846 873 848 826 820 767 759 818 855 722 742 761 731 832 854 710 838 824 756 784 727 770 814 764 863 843 846 845 865 757 737 773 749 790 777 803 804 829 757 753 718 862 781 835 781 805 779 847 819 784 735 831 729 718 873 857 772 874 747 761 704 724 767 752 812 840 790 822 783 705 800 762 838 840 823 755 874 754 740 710 816 734 860 719 862 825 792 748 750 774 747 789 798 834 730 745 846 829 795 872 807 782 705 828 827 750 765 868 868 704 806 768 789 788 865 765 791 792 738 805 769 733 750 827 713 836 746 723 795 732 779 818 828 731 741 778 859 866 802 806 714 820 846 856 819 746 704 776 754 734 838 806 826 735 778 752 796 774 826 736 769 786 790 805 822 736 782 714 851 771 835 714 801 826 867 865 746 780 740 794 847 828 829 863 706 720 817 873 776 797 853 751 729 791 762 781 752 789 759 851 736 800 833 858 858 744 769 801 851 853 814 715 860 787 813 821 826 757 825 853 769 712 800 729 714 779 727 820 869 853 826 809 797 796 820 733 710 744 789 772 799 839 837 722 794 738 838 857 859 734 834 842 728 745 749 708 814 842 750 867 857 795 703 757 787 835 764 805 840 796 822 820 721 753 724 852 732 760 714 756 802 745 793 755 775 863 728 761 801 708 776 847 788 758 763 716 741 740 819 710 832 830 719 815 843 847 825 729 702 854 701 750 858 825 709 752 812 832 870 792 798 752 765 842 809 788 715 818 749 771 819 862 818 865 848 818 825 816 720 789 804 761 701 802 787 743 755 799 803 831 853 864 874 847 836 735 720 851 868 864 873 749 799 725 868 794 769 780 765 847 852 865 761 754 787 734 821 828 730 807 702 862 793 730 851 756 712 735 816 747 832 856 848 845 742 792 726 861 759 825 740 807 756 738 858 767 856 829 821 849 764 823 773 769 788 704]
Client localhost:2011
Bucket client 15 : []
Bucket client 1 : [341 332 233 239 227 304 234 257 333 326 300 331 238 178 308 294 235 289 226 182 201 338 279 241 200 340 303 213 231 256 191 333 277 327 321 206 250 322 220 255 249 339 178 263 260 315 299 225 204 293 217 199 203 286 208 289 309 299 256 269 230 287 218 285 255 269 274 236 336 314 272 230 323 305 338 325 289 264 298 249 332 198 270 309 214 333 201 273 191 282 221 304 275 261 262 250 349 324 195 341 298 286 299 294 234 212 348 267 311 277 204 241 276 281 194 287 303 343 308 260 193 273 212 330 239 268 183 230 266 263 333 269 253 236 224 347 256 317 220 342 210 336 246 319 192 247 347 293 283 209 204 186 276 296 283 242 205 345 257 294 314 326 219 298 326 184 193 287 188 335 204 228 212 307 193 314 253 304 307 208 311 215 292 294 232 256 200 296 335 239 283 270 235 205 307 234 239 273 349 325 300 187 251 307 243 204 276 186 319 185 216 270 320 312 177 347 181 278 206 186 240 202 323 320 257 244 248 302 287 338 315 332 342 180 312 197 273 275 205 307 211 237 217 250 322 185 237 177 193 184 202 293 336 263 308 261 338 225 340 301 272 189 301 309 229 349 258 184 187 283 288 196 317 290 338 279 214 256 273 275 349 282 347 244 307 183 318 236 261 279 223 200 216 291 330 185 206 195 207 313 282 225 198 209 218 256 224 299 246 284 229 342 262 322 314 183 242 243 332 240 249 227 301 177 222 312 308 310 269 179 314 290 258 222 274 195 253 244 189 331 291 294 185 277 280 223 251 276 216 301 212 323 258 331 242 281 238 313 265 291 183 194 339 338 203 279 248 293 180 295 238 234 283 184 227 242 273 268 270 282 236 214 318 320 216 316 296 220 189 290 203 308 204 179 315 178 286 230 342 263 221 211 245 260 177 262 229 336 274 189 203 214 271 236 306 319 214 265 274 262 197 260 234 275 199 223 305 306 323 187 261 214 300 274 263 253 248 222 250 348 228 316 281 244 212 260 253 179 308 175 242 189 219 255 227 265 327 260 221 291 271 252 312 288 225 314 224 287 203 320 259 282 286 279 193 267 252 183 192 187 328 186 245 342 209 322 291 286 268 193 335 214 310 272 182 241 324 238 337 346 249 203 296 347 241 311 321 183 285 207 218 211 277 180 232 235 321 288 339 283 298 298 252 310 237 320 201 271 245 322 226 320 264 293 277 179 221 250 343 196 329 268 325 235 185 220 267 274 237 287 287 179 319 188 313 325 250 258 203 279 349 309 321 222 253 180 280 195 324 206 319 343 343 264 225 270 319 208 310 271 337 262 303 256 248 332 276 344 309 342 208 192 276 295 242 283 195 224 189 285 195 301 236 264 252 219 194 215 278 296 235 224 341 313 179 302 293 187 267 246 335]
Bucket sorted from server: []
Bucket sorted from server: [875 875 875 875 875 876 877 877 877 878 879 879 879 879 879 879 879 880 880 880 880 881 881 882 882 882 882 882 882 882 882 882 882 882 883 883 884 884 885 885 885 885 885 886 886 886 887 887 887 887 887 888 888 888 889 889 890 890 890 890 891 891 891 892 892 893 894 894 894 894 894 895 895 895 896 896 897 897 897 897 897 898 898 898 898 898 899 899 899 899 900 900 900 900 901 901 901 901 901 902 902 902 902 903 903 903 903 904 904 904 904 905 905 906 906 906 906 906 906 906 907 907 907 907 907 907 907 908 908 909 909 909 909 909 909 911 911 911 912 912 912 912 913 913 914 914 914 914 914 915 915 916 916 916 917 917 917 918 918 918 918 919 919 919 919 919 919 919 920 920 921 921 921 921 922 922 922 922 922 922 922 923 923 923 923 923 923 923 923 923 923 924 924 924 925 925 926 927 928 930 930 930 930 930 930 930 931 932 932 932 932 932 932 932 932 932 933 933 933 933 934 934 934 934 934 934 935 935 936 937 937 938 938 938 938 939 939 939 940 940 940 941 942 942 942 942 943 943 943 943 943 944 944 944 944 944 944 944 945 945 946 946 946 946 946 947 947 948 948 949 949 950 950 950 950 950 950 951 951 951 951 952 952 952 953 954 954 954 955 955 955 955 957 957 957 958 958 958 960 960 960 961 961 961 961 961 961 961 962 962 962 962 962 962 962 962 962 962 963 963 963 964 965 965 965 966 966 967 967 968 968 969 969 969 969 969 969 970 970 970 971 971 971 971 971 972 972 972 972 972 973 973 973 973 973 973 974 974 974 974 974 974 975 975 975 976 976 976 976 977 977 978 978 979 979 980 980 980 981 981 981 982 983 983 983 983 983 983 984 984 984 985 985 985 986 986 986 987 987 987 987 987 988 988 988 988 988 989 989 989 989 990 990 991 991 991 992 992 993 993 994 994 995 995 996 996 996 997 997 997 997 997 997 998 998 999 999 999]
Bucket server: [760 710 783 756 774 717 864 711 851 872 870 744 796 766 798 814 823 750 829 864 701 741 727 763 732 762 714 859 843 842 748 731 798 743 812 769 740 765 723 793 778 763 874 780 805 831 720 830 794 803 826 724 872 756 831 823 724 835 871 863 795 831 872 727 807 740 765 801 842 835 763 738 760 775 821 846 789 848 785 817 843 844 755 857 701 861 728 874 731 870 750 771 770 734 795 803 819 832 727 823 821 869 757 757 826 714 739 858 867 769 864 756 845 715 847 825 767 861 723 785 827 705 744 859 754 771 793 861 793 791 707 762 739 729 780 705 801 732 795 765 770 800 724 833 829 861 859 755 773 706 762 704 841 734 760 762 867 794 729 841 845 776 719 744 820 815 749 809 795 784 803 777 785 842 812 807 724 854 862 765 803 812 868 867 758 861 766 751 781 819 824 763 846 873 848 826 820 767 759 818 855 722 742 761 731 832 854 710 838 824 756 784 727 770 814 764 863 843 846 845 865 757 737 773 749 790 777 803 804 829 757 753 718 862 781 835 781 805 779 847 819 784 735 831 729 718 873 857 772 874 747 761 704 724 767 752 812 840 790 822 783 705 800 762 838 840 823 755 874 754 740 710 816 734 860 719 862 825 792 748 750 774 747 789 798 834 730 745 846 829 795 872 807 782 705 828 827 750 765 868 868 704 806 768 789 788 865 765 791 792 738 805 769 733 750 827 713 836 746 723 795 732 779 818 828 731 741 778 859 866 802 806 714 820 846 856 819 746 704 776 754 734 838 806 826 735 778 752 796 774 826 736 769 786 790 805 822 736 782 714 851 771 835 714 801 826 867 865 746 780 740 794 847 828 829 863 706 720 817 873 776 797 853 751 729 791 762 781 752 789 759 851 736 800 833 858 858 744 769 801 851 853 814 715 860 787 813 821 826 757 825 853 769 712 800 729 714 779 727 820 869 853 826 809 797 796 820 733 710 744 789 772 799 839 837 722 794 738 838 857 859 734 834 842 728 745 749 708 814 842 750 867 857 795 703 757 787 835 764 805 840 796 822 820 721 753 724 852 732 760 714 756 802 745 793 755 775 863 728 761 801 708 776 847 788 758 763 716 741 740 819 710 832 830 719 815 843 847 825 729 702 854 701 750 858 825 709 752 812 832 870 792 798 752 765 842 809 788 715 818 749 771 819 862 818 865 848 818 825 816 720 789 804 761 701 802 787 743 755 799 803 831 853 864 874 847 836 735 720 851 868 864 873 749 799 725 868 794 769 780 765 847 852 865 761 754 787 734 821 828 730 807 702 862 793 730 851 756 712 735 816 747 832 856 848 845 742 792 726 861 759 825 740 807 756 738 858 767 856 829 821 849 764 823 773 769 788 704]
Client localhost:2010
Bucket client 2 : [351 484 467 451 386 426 351 369 521 514 453 401 362 387 455 388 459 402 443 434 433 418 418 467 499 367 379 511 499 408 414 421 485 397 366 412 442 398 409 462 364 425 460 434 496 446 402 420 439 476 420 509 467 386 373 499 436 445 418 437 490 425 500 445 414 416 482 429 363 405 500 470 358 401 492 436 450 390 392 405 413 500 384 520 461 393 460 371 424 507 381 370 388 402 502 520 477 470 506 498 368 428 506 372 477 441 510 514 354 472 416 351 490 409 457 378 513 495 439 456 358 415 465 453 486 356 511 461 442 468 464 474 424 362 473 374 469 485 482 378 499 419 517 508 394 373 493 462 381 498 429 474 519 430 437 504 471 490 386 461 514 523 524 368 520 496 369 430 523 413 390 419 381 456 381 401 431 499 388 370 431 419 416 374 509 504 481 503 504 355 453 503 453 503 483 399 357 484 462 350 353 510 405 524 381 482 500 422 389 353 376 449 399 441 390 406 353 375 359 519 413 397 521 435 396 383 493 390 397 472 521 444 518 509 420 374 359 455 512 445 458 466 473 486 382 416 435 443 408 472 437 401 480 408 406 468 508 409 391 511 412 515 478 364 428 424 433 386 509 405 400 387 461 391 459 391 366 473 434 471 407 463 369 417 457 356 497 413 370 519 512 518 428 474 495 521 371 459 416 452 434 372 490 457 363 499 419 493 433 403 414 430 419 484 435 355 460 514 445 453 509 506 428 473 448 475 381 488 395 460 352 357 438 398 381 494 412 502 385 432 432 469 396 485 386 385 489 503 467 395 448 495 466 447 378 440 520 443 380 375 421 473 432 383 456 370 516 464 432 379 376 390 455 510 408 412 423 431 503 507 480 439 486 488 482 515 471 438 404 435 437 398 422 516 486 363 495 442 412 397 501 519 353 390 355 455 352 486 449 522 472 422 473 418 367 505 433 503 372 474 428 443 475 473 455 475 459 450 519 473 506 506 421 452 350 365 353 500 351 519 502 504 474 439 517 498 374 439 373 489 448 399 474 386 421 471 397 427 462 368 465 437 507 518 452 488 362 486 523 509 385 418 360 414 361 495 417 499 399 494 365 386 442 361 351 368 356 399 363 438 381 478 423 478 357 381 368 430 382 509 418 422 478 435 362 495 513 419 406 360 479 505 505 484 388 454 492 487 392 375 485 440 408 402 467 477 368 413 368 514 426 487 488 381 482 415 433 515 496 504 467 457 358 521 499 446 433 453 488 419 505 360 393 399 479 470 502 484 414 485 377 480 450 426 479 519 511 499 402 515 479 371 483 507 383 514 398 426 409 385 383 378 479 397 383 488 502 488 377 493 478 518 422 485 432 365 359 427 476 432 456 381 361 444 429 371 495 410 416 522 409 396 524 492 455 395 381 419 374 404 419 368 436 485 361 504 377 388 424 374 515 515 407 458 466 413 503 391 352 404 370 376 373 412 498]
Bucket server: [341 332 233 239 227 304 234 257 333 326 300 331 238 178 308 294 235 289 226 182 201 338 279 241 200 340 303 213 231 256 191 333 277 327 321 206 250 322 220 255 249 339 178 263 260 315 299 225 204 293 217 199 203 286 208 289 309 299 256 269 230 287 218 285 255 269 274 236 336 314 272 230 323 305 338 325 289 264 298 249 332 198 270 309 214 333 201 273 191 282 221 304 275 261 262 250 349 324 195 341 298 286 299 294 234 212 348 267 311 277 204 241 276 281 194 287 303 343 308 260 193 273 212 330 239 268 183 230 266 263 333 269 253 236 224 347 256 317 220 342 210 336 246 319 192 247 347 293 283 209 204 186 276 296 283 242 205 345 257 294 314 326 219 298 326 184 193 287 188 335 204 228 212 307 193 314 253 304 307 208 311 215 292 294 232 256 200 296 335 239 283 270 235 205 307 234 239 273 349 325 300 187 251 307 243 204 276 186 319 185 216 270 320 312 177 347 181 278 206 186 240 202 323 320 257 244 248 302 287 338 315 332 342 180 312 197 273 275 205 307 211 237 217 250 322 185 237 177 193 184 202 293 336 263 308 261 338 225 340 301 272 189 301 309 229 349 258 184 187 283 288 196 317 290 338 279 214 256 273 275 349 282 347 244 307 183 318 236 261 279 223 200 216 291 330 185 206 195 207 313 282 225 198 209 218 256 224 299 246 284 229 342 262 322 314 183 242 243 332 240 249 227 301 177 222 312 308 310 269 179 314 290 258 222 274 195 253 244 189 331 291 294 185 277 280 223 251 276 216 301 212 323 258 331 242 281 238 313 265 291 183 194 339 338 203 279 248 293 180 295 238 234 283 184 227 242 273 268 270 282 236 214 318 320 216 316 296 220 189 290 203 308 204 179 315 178 286 230 342 263 221 211 245 260 177 262 229 336 274 189 203 214 271 236 306 319 214 265 274 262 197 260 234 275 199 223 305 306 323 187 261 214 300 274 263 253 248 222 250 348 228 316 281 244 212 260 253 179 308 175 242 189 219 255 227 265 327 260 221 291 271 252 312 288 225 314 224 287 203 320 259 282 286 279 193 267 252 183 192 187 328 186 245 342 209 322 291 286 268 193 335 214 310 272 182 241 324 238 337 346 249 203 296 347 241 311 321 183 285 207 218 211 277 180 232 235 321 288 339 283 298 298 252 310 237 320 201 271 245 322 226 320 264 293 277 179 221 250 343 196 329 268 325 235 185 220 267 274 237 287 287 179 319 188 313 325 250 258 203 279 349 309 321 222 253 180 280 195 324 206 319 343 343 264 225 270 319 208 310 271 337 262 303 256 248 332 276 344 309 342 208 192 276 295 242 283 195 224 189 285 195 301 236 264 252 219 194 215 278 296 235 224 341 313 179 302 293 187 267 246 335]
Bucket sorted in server: [701 701 701 701 702 702 703 704 704 704 704 704 705 705 705 705 706 706 707 708 708 709 710 710 710 710 710 711 712 712 713 714 714 714 714 714 714 714 715 715 715 716 717 718 718 719 719 719 720 720 720 720 721 722 722 723 723 723 724 724 724 724 724 724 725 726 727 727 727 727 727 728 728 728 729 729 729 729 729 729 730 730 730 731 731 731 731 732 732 732 732 733 733 734 734 734 734 734 734 735 735 735 735 736 736 736 737 738 738 738 738 739 739 740 740 740 740 740 740 741 741 741 742 742 743 743 744 744 744 744 744 745 745 745 746 746 746 747 747 747 748 748 749 749 749 749 749 750 750 750 750 750 750 750 751 751 752 752 752 752 752 753 753 754 754 754 754 755 755 755 755 755 756 756 756 756 756 756 756 757 757 757 757 757 757 758 758 759 759 759 760 760 760 760 761 761 761 761 761 762 762 762 762 762 762 763 763 763 763 763 764 764 764 765 765 765 765 765 765 765 765 766 766 767 767 767 767 768 769 769 769 769 769 769 769 769 770 770 770 771 771 771 771 772 772 773 773 773 774 774 774 775 775 776 776 776 776 777 777 778 778 778 779 779 779 780 780 780 780 781 781 781 781 782 782 783 783 784 784 784 785 785 785 786 787 787 787 787 788 788 788 788 789 789 789 789 789 789 790 790 790 791 791 791 792 792 792 792 793 793 793 793 793 794 794 794 794 794 795 795 795 795 795 795 795 796 796 796 796 797 797 798 798 798 798 799 799 799 800 800 800 800 801 801 801 801 801 802 802 802 803 803 803 803 803 803 804 804 805 805 805 805 805 806 806 806 807 807 807 807 807 809 809 809 812 812 812 812 812 813 814 814 814 814 815 815 816 816 816 817 817 818 818 818 818 818 819 819 819 819 819 819 820 820 820 820 820 820 821 821 821 821 821 822 822 822 823 823 823 823 823 824 824 825 825 825 825 825 825 825 826 826 826 826 826 826 826 826 827 827 827 828 828 828 828 829 829 829 829 829 829 830 830 831 831 831 831 831 832 832 832 832 832 833 833 834 834 835 835 835 835 835 836 836 837 838 838 838 838 839 840 840 840 841 841 842 842 842 842 842 842 843 843 843 843 844 845 845 845 845 846 846 846 846 846 847 847 847 847 847 847 847 848 848 848 848 849 851 851 851 851 851 851 852 852 853 853 853 853 853 854 854 854 855 856 856 856 857 857 857 857 858 858 858 858 858 859 859 859 859 859 860 860 861 861 861 861 861 861 862 862 862 862 862 863 863 863 863 864 864 864 864 864 865 865 865 865 865 866 867 867 867 867 867 868 868 868 868 868 869 869 870 870 870 871 872 872 872 872 873 873 873 873 874 874 874 874 874]
Bucket server: [351 484 467 451 386 426 351 369 521 514 453 401 362 387 455 388 459 402 443 434 433 418 418 467 499 367 379 511 499 408 414 421 485 397 366 412 442 398 409 462 364 425 460 434 496 446 402 420 439 476 420 509 467 386 373 499 436 445 418 437 490 425 500 445 414 416 482 429 363 405 500 470 358 401 492 436 450 390 392 405 413 500 384 520 461 393 460 371 424 507 381 370 388 402 502 520 477 470 506 498 368 428 506 372 477 441 510 514 354 472 416 351 490 409 457 378 513 495 439 456 358 415 465 453 486 356 511 461 442 468 464 474 424 362 473 374 469 485 482 378 499 419 517 508 394 373 493 462 381 498 429 474 519 430 437 504 471 490 386 461 514 523 524 368 520 496 369 430 523 413 390 419 381 456 381 401 431 499 388 370 431 419 416 374 509 504 481 503 504 355 453 503 453 503 483 399 357 484 462 350 353 510 405 524 381 482 500 422 389 353 376 449 399 441 390 406 353 375 359 519 413 397 521 435 396 383 493 390 397 472 521 444 518 509 420 374 359 455 512 445 458 466 473 486 382 416 435 443 408 472 437 401 480 408 406 468 508 409 391 511 412 515 478 364 428 424 433 386 509 405 400 387 461 391 459 391 366 473 434 471 407 463 369 417 457 356 497 413 370 519 512 518 428 474 495 521 371 459 416 452 434 372 490 457 363 499 419 493 433 403 414 430 419 484 435 355 460 514 445 453 509 506 428 473 448 475 381 488 395 460 352 357 438 398 381 494 412 502 385 432 432 469 396 485 386 385 489 503 467 395 448 495 466 447 378 440 520 443 380 375 421 473 432 383 456 370 516 464 432 379 376 390 455 510 408 412 423 431 503 507 480 439 486 488 482 515 471 438 404 435 437 398 422 516 486 363 495 442 412 397 501 519 353 390 355 455 352 486 449 522 472 422 473 418 367 505 433 503 372 474 428 443 475 473 455 475 459 450 519 473 506 506 421 452 350 365 353 500 351 519 502 504 474 439 517 498 374 439 373 489 448 399 474 386 421 471 397 427 462 368 465 437 507 518 452 488 362 486 523 509 385 418 360 414 361 495 417 499 399 494 365 386 442 361 351 368 356 399 363 438 381 478 423 478 357 381 368 430 382 509 418 422 478 435 362 495 513 419 406 360 479 505 505 484 388 454 492 487 392 375 485 440 408 402 467 477 368 413 368 514 426 487 488 381 482 415 433 515 496 504 467 457 358 521 499 446 433 453 488 419 505 360 393 399 479 470 502 484 414 485 377 480 450 426 479 519 511 499 402 515 479 371 483 507 383 514 398 426 409 385 383 378 479 397 383 488 502 488 377 493 478 518 422 485 432 365 359 427 476 432 456 381 361 444 429 371 495 410 416 522 409 396 524 492 455 395 381 419 374 404 419 368 436 485 361 504 377 388 424 374 515 515 407 458 466 413 503 391 352 404 370 376 373 412 498]
Server localhost:2012
Server localhost:2011
Bucket server: []
Bucket sorted in server: []
Bucket sorted from server: [701 701 701 701 702 702 703 704 704 704 704 704 705 705 705 705 706 706 707 708 708 709 710 710 710 710 710 711 712 712 713 714 714 714 714 714 714 714 715 715 715 716 717 718 718 719 719 719 720 720 720 720 721 722 722 723 723 723 724 724 724 724 724 724 725 726 727 727 727 727 727 728 728 728 729 729 729 729 729 729 730 730 730 731 731 731 731 732 732 732 732 733 733 734 734 734 734 734 734 735 735 735 735 736 736 736 737 738 738 738 738 739 739 740 740 740 740 740 740 741 741 741 742 742 743 743 744 744 744 744 744 745 745 745 746 746 746 747 747 747 748 748 749 749 749 749 749 750 750 750 750 750 750 750 751 751 752 752 752 752 752 753 753 754 754 754 754 755 755 755 755 755 756 756 756 756 756 756 756 757 757 757 757 757 757 758 758 759 759 759 760 760 760 760 761 761 761 761 761 762 762 762 762 762 762 763 763 763 763 763 764 764 764 765 765 765 765 765 765 765 765 766 766 767 767 767 767 768 769 769 769 769 769 769 769 769 770 770 770 771 771 771 771 772 772 773 773 773 774 774 774 775 775 776 776 776 776 777 777 778 778 778 779 779 779 780 780 780 780 781 781 781 781 782 782 783 783 784 784 784 785 785 785 786 787 787 787 787 788 788 788 788 789 789 789 789 789 789 790 790 790 791 791 791 792 792 792 792 793 793 793 793 793 794 794 794 794 794 795 795 795 795 795 795 795 796 796 796 796 797 797 798 798 798 798 799 799 799 800 800 800 800 801 801 801 801 801 802 802 802 803 803 803 803 803 803 804 804 805 805 805 805 805 806 806 806 807 807 807 807 807 809 809 809 812 812 812 812 812 813 814 814 814 814 815 815 816 816 816 817 817 818 818 818 818 818 819 819 819 819 819 819 820 820 820 820 820 820 821 821 821 821 821 822 822 822 823 823 823 823 823 824 824 825 825 825 825 825 825 825 826 826 826 826 826 826 826 826 827 827 827 828 828 828 828 829 829 829 829 829 829 830 830 831 831 831 831 831 832 832 832 832 832 833 833 834 834 835 835 835 835 835 836 836 837 838 838 838 838 839 840 840 840 841 841 842 842 842 842 842 842 843 843 843 843 844 845 845 845 845 846 846 846 846 846 847 847 847 847 847 847 847 848 848 848 848 849 851 851 851 851 851 851 852 852 853 853 853 853 853 854 854 854 855 856 856 856 857 857 857 857 858 858 858 858 858 859 859 859 859 859 860 860 861 861 861 861 861 861 862 862 862 862 862 863 863 863 863 864 864 864 864 864 865 865 865 865 865 866 867 867 867 867 867 868 868 868 868 868 869 869 870 870 870 871 872 872 872 872 873 873 873 873 874 874 874 874 874]
Bucket server: []
Bucket sorted in server: []
Client localhost:2012
Bucket client 7 : []
Bucket sorted from server: []
Bucket sorted in server: [175 177 177 177 177 178 178 178 179 179 179 179 179 179 180 180 180 180 181 182 182 183 183 183 183 183 183 184 184 184 184 185 185 185 185 185 186 186 186 186 187 187 187 187 187 188 188 189 189 189 189 189 189 191 191 192 192 192 193 193 193 193 193 193 194 194 194 195 195 195 195 195 195 196 196 197 197 198 198 199 199 200 200 200 201 201 201 202 202 203 203 203 203 203 203 203 204 204 204 204 204 204 205 205 205 206 206 206 206 207 207 208 208 208 208 209 209 209 210 211 211 211 212 212 212 212 212 213 214 214 214 214 214 214 214 215 215 216 216 216 216 217 217 218 218 218 219 219 219 220 220 220 220 221 221 221 221 222 222 222 222 223 223 223 224 224 224 224 224 225 225 225 225 225 226 226 227 227 227 227 228 228 229 229 229 230 230 230 230 231 232 232 233 234 234 234 234 234 235 235 235 235 235 236 236 236 236 236 236 237 237 237 237 238 238 238 238 239 239 239 239 240 240 241 241 241 241 242 242 242 242 242 242 243 243 244 244 244 244 245 245 245 246 246 246 247 248 248 248 248 249 249 249 249 250 250 250 250 250 250 251 251 252 252 252 252 253 253 253 253 253 253 255 255 255 256 256 256 256 256 256 256 257 257 257 258 258 258 258 259 260 260 260 260 260 260 261 261 261 261 262 262 262 262 262 263 263 263 263 263 264 264 264 264 265 265 265 266 267 267 267 267 268 268 268 268 269 269 269 269 270 270 270 270 270 271 271 271 271 272 272 272 273 273 273 273 273 273 274 274 274 274 274 274 275 275 275 275 276 276 276 276 276 276 277 277 277 277 277 278 278 279 279 279 279 279 279 280 280 281 281 281 282 282 282 282 282 283 283 283 283 283 283 283 284 285 285 285 286 286 286 286 286 287 287 287 287 287 287 287 288 288 288 289 289 289 290 290 290 291 291 291 291 291 292 293 293 293 293 293 293 294 294 294 294 294 295 295 296 296 296 296 296 298 298 298 298 298 299 299 299 299 300 300 300 301 301 301 301 301 302 302 303 303 303 304 304 304 305 305 306 306 307 307 307 307 307 307 308 308 308 308 308 308 309 309 309 309 309 310 310 310 310 311 311 311 312 312 312 312 313 313 313 313 314 314 314 314 314 314 315 315 315 316 316 317 317 318 318 319 319 319 319 319 319 320 320 320 320 320 320 321 321 321 321 322 322 322 322 322 323 323 323 323 324 324 324 325 325 325 325 326 326 326 327 327 328 329 330 330 331 331 331 332 332 332 332 332 333 333 333 333 335 335 335 335 336 336 336 336 337 337 338 338 338 338 338 338 339 339 339 340 340 341 341 341 342 342 342 342 342 342 343 343 343 343 344 345 346 347 347 347 347 347 348 348 349 349 349 349 349]
Server localhost:2013
Bucket server: []
Bucket sorted in server: []
Bucket sorted in server: [350 350 351 351 351 351 351 352 352 352 353 353 353 353 353 354 355 355 355 356 356 356 357 357 357 358 358 358 359 359 359 360 360 360 361 361 361 361 362 362 362 362 363 363 363 363 364 364 365 365 365 366 366 367 367 368 368 368 368 368 368 368 368 369 369 369 370 370 370 370 370 371 371 371 371 372 372 372 373 373 373 373 374 374 374 374 374 374 375 375 375 376 376 376 377 377 377 378 378 378 378 379 379 380 381 381 381 381 381 381 381 381 381 381 381 381 382 382 383 383 383 383 383 384 385 385 385 385 386 386 386 386 386 386 386 387 387 388 388 388 388 388 389 390 390 390 390 390 390 391 391 391 391 392 392 393 393 394 395 395 395 396 396 396 397 397 397 397 397 397 398 398 398 398 399 399 399 399 399 399 400 401 401 401 401 402 402 402 402 402 403 404 404 404 405 405 405 405 406 406 406 407 407 408 408 408 408 408 409 409 409 409 409 410 412 412 412 412 412 412 413 413 413 413 413 413 414 414 414 414 414 415 415 416 416 416 416 416 416 417 417 418 418 418 418 418 418 419 419 419 419 419 419 419 419 419 420 420 420 421 421 421 421 422 422 422 422 422 423 423 424 424 424 424 425 425 426 426 426 426 427 427 428 428 428 428 428 429 429 429 430 430 430 430 431 431 431 432 432 432 432 432 432 433 433 433 433 433 433 434 434 434 434 435 435 435 435 435 436 436 436 437 437 437 437 437 438 438 438 439 439 439 439 439 440 440 441 441 442 442 442 442 443 443 443 443 444 444 445 445 445 445 446 446 447 448 448 448 449 449 450 450 450 451 452 452 452 453 453 453 453 453 453 454 455 455 455 455 455 455 456 456 456 456 457 457 457 457 458 458 459 459 459 459 460 460 460 460 461 461 461 461 462 462 462 462 463 464 464 465 465 466 466 466 467 467 467 467 467 467 468 468 469 469 470 470 470 471 471 471 471 472 472 472 472 473 473 473 473 473 473 473 473 474 474 474 474 474 474 475 475 475 476 476 477 477 477 478 478 478 478 478 479 479 479 479 479 480 480 480 481 482 482 482 482 482 483 483 484 484 484 484 484 485 485 485 485 485 485 485 486 486 486 486 486 486 487 487 488 488 488 488 488 488 488 489 489 490 490 490 490 492 492 492 493 493 493 493 494 494 495 495 495 495 495 495 495 496 496 496 497 498 498 498 498 499 499 499 499 499 499 499 499 499 500 500 500 500 500 501 502 502 502 502 502 503 503 503 503 503 503 503 504 504 504 504 504 504 505 505 505 505 506 506 506 506 506 507 507 507 507 508 508 509 509 509 509 509 509 509 510 510 510 511 511 511 511 512 512 513 513 514 514 514 514 514 514 515 515 515 515 515 515 516 516 517 517 518 518 518 518 519 519 519 519 519 519 519 520 520 520 520 521 521 521 521 521 522 522 523 523 523 524 524 524]
Client localhost:2013
Bucket client 8 : []
Bucket server: []
Bucket sorted in server: []
Bucket sorted from server: []
Bucket sorted from server: [175 177 177 177 177 178 178 178 179 179 179 179 179 179 180 180 180 180 181 182 182 183 183 183 183 183 183 184 184 184 184 185 185 185 185 185 186 186 186 186 187 187 187 187 187 188 188 189 189 189 189 189 189 191 191 192 192 192 193 193 193 193 193 193 194 194 194 195 195 195 195 195 195 196 196 197 197 198 198 199 199 200 200 200 201 201 201 202 202 203 203 203 203 203 203 203 204 204 204 204 204 204 205 205 205 206 206 206 206 207 207 208 208 208 208 209 209 209 210 211 211 211 212 212 212 212 212 213 214 214 214 214 214 214 214 215 215 216 216 216 216 217 217 218 218 218 219 219 219 220 220 220 220 221 221 221 221 222 222 222 222 223 223 223 224 224 224 224 224 225 225 225 225 225 226 226 227 227 227 227 228 228 229 229 229 230 230 230 230 231 232 232 233 234 234 234 234 234 235 235 235 235 235 236 236 236 236 236 236 237 237 237 237 238 238 238 238 239 239 239 239 240 240 241 241 241 241 242 242 242 242 242 242 243 243 244 244 244 244 245 245 245 246 246 246 247 248 248 248 248 249 249 249 249 250 250 250 250 250 250 251 251 252 252 252 252 253 253 253 253 253 253 255 255 255 256 256 256 256 256 256 256 257 257 257 258 258 258 258 259 260 260 260 260 260 260 261 261 261 261 262 262 262 262 262 263 263 263 263 263 264 264 264 264 265 265 265 266 267 267 267 267 268 268 268 268 269 269 269 269 270 270 270 270 270 271 271 271 271 272 272 272 273 273 273 273 273 273 274 274 274 274 274 274 275 275 275 275 276 276 276 276 276 276 277 277 277 277 277 278 278 279 279 279 279 279 279 280 280 281 281 281 282 282 282 282 282 283 283 283 283 283 283 283 284 285 285 285 286 286 286 286 286 287 287 287 287 287 287 287 288 288 288 289 289 289 290 290 290 291 291 291 291 291 292 293 293 293 293 293 293 294 294 294 294 294 295 295 296 296 296 296 296 298 298 298 298 298 299 299 299 299 300 300 300 301 301 301 301 301 302 302 303 303 303 304 304 304 305 305 306 306 307 307 307 307 307 307 308 308 308 308 308 308 309 309 309 309 309 310 310 310 310 311 311 311 312 312 312 312 313 313 313 313 314 314 314 314 314 314 315 315 315 316 316 317 317 318 318 319 319 319 319 319 319 320 320 320 320 320 320 321 321 321 321 322 322 322 322 322 323 323 323 323 324 324 324 325 325 325 325 326 326 326 327 327 328 329 330 330 331 331 331 332 332 332 332 332 333 333 333 333 335 335 335 335 336 336 336 336 337 337 338 338 338 338 338 338 339 339 339 340 340 341 341 341 342 342 342 342 342 342 343 343 343 343 344 345 346 347 347 347 347 347 348 348 349 349 349 349 349]
Bucket sorted from server: [350 350 351 351 351 351 351 352 352 352 353 353 353 353 353 354 355 355 355 356 356 356 357 357 357 358 358 358 359 359 359 360 360 360 361 361 361 361 362 362 362 362 363 363 363 363 364 364 365 365 365 366 366 367 367 368 368 368 368 368 368 368 368 369 369 369 370 370 370 370 370 371 371 371 371 372 372 372 373 373 373 373 374 374 374 374 374 374 375 375 375 376 376 376 377 377 377 378 378 378 378 379 379 380 381 381 381 381 381 381 381 381 381 381 381 381 382 382 383 383 383 383 383 384 385 385 385 385 386 386 386 386 386 386 386 387 387 388 388 388 388 388 389 390 390 390 390 390 390 391 391 391 391 392 392 393 393 394 395 395 395 396 396 396 397 397 397 397 397 397 398 398 398 398 399 399 399 399 399 399 400 401 401 401 401 402 402 402 402 402 403 404 404 404 405 405 405 405 406 406 406 407 407 408 408 408 408 408 409 409 409 409 409 410 412 412 412 412 412 412 413 413 413 413 413 413 414 414 414 414 414 415 415 416 416 416 416 416 416 417 417 418 418 418 418 418 418 419 419 419 419 419 419 419 419 419 420 420 420 421 421 421 421 422 422 422 422 422 423 423 424 424 424 424 425 425 426 426 426 426 427 427 428 428 428 428 428 429 429 429 430 430 430 430 431 431 431 432 432 432 432 432 432 433 433 433 433 433 433 434 434 434 434 435 435 435 435 435 436 436 436 437 437 437 437 437 438 438 438 439 439 439 439 439 440 440 441 441 442 442 442 442 443 443 443 443 444 444 445 445 445 445 446 446 447 448 448 448 449 449 450 450 450 451 452 452 452 453 453 453 453 453 453 454 455 455 455 455 455 455 456 456 456 456 457 457 457 457 458 458 459 459 459 459 460 460 460 460 461 461 461 461 462 462 462 462 463 464 464 465 465 466 466 466 467 467 467 467 467 467 468 468 469 469 470 470 470 471 471 471 471 472 472 472 472 473 473 473 473 473 473 473 473 474 474 474 474 474 474 475 475 475 476 476 477 477 477 478 478 478 478 478 479 479 479 479 479 480 480 480 481 482 482 482 482 482 483 483 484 484 484 484 484 485 485 485 485 485 485 485 486 486 486 486 486 486 487 487 488 488 488 488 488 488 488 489 489 490 490 490 490 492 492 492 493 493 493 493 494 494 495 495 495 495 495 495 495 496 496 496 497 498 498 498 498 499 499 499 499 499 499 499 499 499 500 500 500 500 500 501 502 502 502 502 502 503 503 503 503 503 503 503 504 504 504 504 504 504 505 505 505 505 506 506 506 506 506 507 507 507 507 508 508 509 509 509 509 509 509 509 510 510 510 511 511 511 511 512 512 513 513 514 514 514 514 514 514 515 515 515 515 515 515 516 516 517 517 518 518 518 518 519 519 519 519 519 519 519 520 520 520 520 521 521 521 521 521 522 522 523 523 523 524 524 524]
Server localhost:2014
Server localhost:2015
Client localhost:2014
Bucket client 13 : []
Bucket sorted from server: []
Server localhost:2016
Bucket server: []
Bucket sorted in server: []
Client localhost:2015
Bucket client 9 : []
Bucket sorted from server: []
Bucket server: []
Bucket sorted in server: []
Server localhost:2017
Client localhost:2016
Bucket client 3 : [608 659 585 662 579 548 606 547 636 582 611 669 526 548 568 659 583 674 557 670 693 696 631 698 593 558 699 613 531 648 568 698 596 698 541 683 573 575 667 613 628 592 591 677 638 650 696 687 619 669 609 671 620 668 694 659 599 636 592 567 563 603 643 670 556 578 572 558 599 529 653 621 696 668 659 610 579 601 551 610 571 637 621 641 585 534 690 565 614 642 543 535 561 683 610 565 570 586 689 663 564 534 652 581 664 550 624 677 692 619 541 661 653 639 592 645 599 645 679 678 681 533 541 530 664 572 527 661 614 625 525 628 572 674 556 536 598 556 640 587 669 662 637 528 628 687 587 667 536 539 693 687 664 684 652 584 659 560 616 603 603 643 540 626 654 564 525 575 607 684 692 645 600 572 595 605 613 626 554 545 619 588 577 584 682 624 644 554 699 566 651 641 628 583 689 590 689 595 637 682 674 658 537 581 578 594 691 639 685 539 693 653 617 575 583 649 683 674 576 551 560 662 539 618 637 540 580 557 562 615 646 661 571 688 694 570 686 592 628 633 603 622 624 604 528 558 558 587 644 667 659 648 578 674 608 541 689 660 683 606 646 560 596 688 637 664 690 673 604 533 626 676 687 623 551 632 665 526 532 611 668 638 633 605 646 655 639 696 606 661 569 627 561 639 578 551 636 597 596 531 644 661 678 676 570 665 570 551 560 655 581 688 544 691 557 672 559 626 544 548 541 566 628 588 596 609 550 630 587 613 576 560 577 682 652 650 685 539 671 577 643 627 558 582 596 586 678 671 585 677 661 569 561 629 687 549 672 610 619 668 538 609 621 557 655 559 614 622 594 558 662 667 559 545 674 563 540 644 685 560 573 641 683 571 687 556 648 576 636 698 554 618 563 588 637 683 548 526 674 684 600 573 664 674 693 579 639 598 607 650 619 649 560 590 682 677 655 684 685 671 617 580 633 587 665 637 660 681 598 599 555 680 534 631 638 630 591 677 585 600 626 565 609 531 608 697 652 611 564 603 585 663 589 591 545 677 555 612 563 525 650 675 548 623 535 551 658 594 617 588 547 613 556 694 545 655 569 616 644 618 536 640 693 586 569 650 630 591 597 621 657 639 611 563 611 556 544 536 618 548 690 558 543 621 621 541 625 651 699 623 660 678 577 581 554 590 527 567 644 588 601 626 686 683 589 581 699 644 632 615 585 585 689 668 533 669 581 656 699 692 664 645 595 677 565 592 526 656 660 677 595 622 626 594 573 569 531 591 656 576 596 582 537 635 688 640 583 544 571 695 540 623 655 677 563 594 587 578 606 569 621 602 636 621 590 578 647 577 686 532 641 640 568]
Server localhost:2018
Client localhost:2018
Bucket client 16 : []
Bucket server: [608 659 585 662 579 548 606 547 636 582 611 669 526 548 568 659 583 674 557 670 693 696 631 698 593 558 699 613 531 648 568 698 596 698 541 683 573 575 667 613 628 592 591 677 638 650 696 687 619 669 609 671 620 668 694 659 599 636 592 567 563 603 643 670 556 578 572 558 599 529 653 621 696 668 659 610 579 601 551 610 571 637 621 641 585 534 690 565 614 642 543 535 561 683 610 565 570 586 689 663 564 534 652 581 664 550 624 677 692 619 541 661 653 639 592 645 599 645 679 678 681 533 541 530 664 572 527 661 614 625 525 628 572 674 556 536 598 556 640 587 669 662 637 528 628 687 587 667 536 539 693 687 664 684 652 584 659 560 616 603 603 643 540 626 654 564 525 575 607 684 692 645 600 572 595 605 613 626 554 545 619 588 577 584 682 624 644 554 699 566 651 641 628 583 689 590 689 595 637 682 674 658 537 581 578 594 691 639 685 539 693 653 617 575 583 649 683 674 576 551 560 662 539 618 637 540 580 557 562 615 646 661 571 688 694 570 686 592 628 633 603 622 624 604 528 558 558 587 644 667 659 648 578 674 608 541 689 660 683 606 646 560 596 688 637 664 690 673 604 533 626 676 687 623 551 632 665 526 532 611 668 638 633 605 646 655 639 696 606 661 569 627 561 639 578 551 636 597 596 531 644 661 678 676 570 665 570 551 560 655 581 688 544 691 557 672 559 626 544 548 541 566 628 588 596 609 550 630 587 613 576 560 577 682 652 650 685 539 671 577 643 627 558 582 596 586 678 671 585 677 661 569 561 629 687 549 672 610 619 668 538 609 621 557 655 559 614 622 594 558 662 667 559 545 674 563 540 644 685 560 573 641 683 571 687 556 648 576 636 698 554 618 563 588 637 683 548 526 674 684 600 573 664 674 693 579 639 598 607 650 619 649 560 590 682 677 655 684 685 671 617 580 633 587 665 637 660 681 598 599 555 680 534 631 638 630 591 677 585 600 626 565 609 531 608 697 652 611 564 603 585 663 589 591 545 677 555 612 563 525 650 675 548 623 535 551 658 594 617 588 547 613 556 694 545 655 569 616 644 618 536 640 693 586 569 650 630 591 597 621 657 639 611 563 611 556 544 536 618 548 690 558 543 621 621 541 625 651 699 623 660 678 577 581 554 590 527 567 644 588 601 626 686 683 589 581 699 644 632 615 585 585 689 668 533 669 581 656 699 692 664 645 595 677 565 592 526 656 660 677 595 622 626 594 573 569 531 591 656 576 596 582 537 635 688 640 583 544 571 695 540 623 655 677 563 594 587 578 606 569 621 602 636 621 590 578 647 577 686 532 641 640 568]
Bucket sorted from server: []
Bucket server: []
Bucket sorted in server: []
Client localhost:2017
Bucket client 10 : []
Bucket sorted from server: []
Bucket server: []
Bucket sorted in server: []
Bucket sorted in server: [525 525 525 526 526 526 526 527 527 528 528 529 530 531 531 531 531 532 532 533 533 533 534 534 534 535 535 536 536 536 536 537 537 538 539 539 539 539 540 540 540 540 541 541 541 541 541 541 543 543 544 544 544 544 545 545 545 545 547 547 548 548 548 548 548 548 549 550 550 551 551 551 551 551 551 554 554 554 554 555 555 556 556 556 556 556 556 557 557 557 557 558 558 558 558 558 558 558 559 559 559 560 560 560 560 560 560 560 561 561 561 562 563 563 563 563 563 563 564 564 564 565 565 565 565 566 566 567 567 568 568 568 569 569 569 569 569 569 570 570 570 570 571 571 571 571 572 572 572 572 573 573 573 573 575 575 575 576 576 576 576 577 577 577 577 577 578 578 578 578 578 578 579 579 579 580 580 581 581 581 581 581 581 582 582 582 583 583 583 583 584 584 585 585 585 585 585 585 585 586 586 586 587 587 587 587 587 587 588 588 588 588 588 589 589 590 590 590 590 591 591 591 591 591 592 592 592 592 592 593 594 594 594 594 594 595 595 595 595 596 596 596 596 596 596 597 597 598 598 598 599 599 599 599 600 600 600 601 601 602 603 603 603 603 603 604 604 605 605 606 606 606 606 607 607 608 608 608 609 609 609 609 610 610 610 610 611 611 611 611 611 612 613 613 613 613 613 614 614 614 615 615 616 616 617 617 617 618 618 618 618 619 619 619 619 619 620 621 621 621 621 621 621 621 621 622 622 622 623 623 623 623 624 624 624 625 625 626 626 626 626 626 626 626 627 627 628 628 628 628 628 628 629 630 630 630 631 631 632 632 633 633 633 635 636 636 636 636 636 637 637 637 637 637 637 637 638 638 638 639 639 639 639 639 639 640 640 640 640 641 641 641 641 642 643 643 643 644 644 644 644 644 644 644 645 645 645 645 646 646 646 647 648 648 648 649 649 650 650 650 650 650 651 651 652 652 652 652 653 653 653 654 655 655 655 655 655 655 656 656 656 657 658 658 659 659 659 659 659 659 660 660 660 660 661 661 661 661 661 661 662 662 662 662 663 663 664 664 664 664 664 664 665 665 665 667 667 667 667 668 668 668 668 668 669 669 669 669 670 670 671 671 671 671 672 672 673 674 674 674 674 674 674 674 674 675 676 676 677 677 677 677 677 677 677 677 677 678 678 678 678 679 680 681 681 682 682 682 682 683 683 683 683 683 683 683 684 684 684 684 685 685 685 685 686 686 686 687 687 687 687 687 687 688 688 688 688 689 689 689 689 689 690 690 690 691 691 692 692 692 693 693 693 693 693 694 694 694 695 696 696 696 696 697 698 698 698 698 699 699 699 699 699]
Server localhost:2019
Client localhost:2019
Bucket client 12 : []
Bucket sorted from server: []
Bucket server: []
Bucket sorted in server: []
Bucket sorted from server: [525 525 525 526 526 526 526 527 527 528 528 529 530 531 531 531 531 532 532 533 533 533 534 534 534 535 535 536 536 536 536 537 537 538 539 539 539 539 540 540 540 540 541 541 541 541 541 541 543 543 544 544 544 544 545 545 545 545 547 547 548 548 548 548 548 548 549 550 550 551 551 551 551 551 551 554 554 554 554 555 555 556 556 556 556 556 556 557 557 557 557 558 558 558 558 558 558 558 559 559 559 560 560 560 560 560 560 560 561 561 561 562 563 563 563 563 563 563 564 564 564 565 565 565 565 566 566 567 567 568 568 568 569 569 569 569 569 569 570 570 570 570 571 571 571 571 572 572 572 572 573 573 573 573 575 575 575 576 576 576 576 577 577 577 577 577 578 578 578 578 578 578 579 579 579 580 580 581 581 581 581 581 581 582 582 582 583 583 583 583 584 584 585 585 585 585 585 585 585 586 586 586 587 587 587 587 587 587 588 588 588 588 588 589 589 590 590 590 590 591 591 591 591 591 592 592 592 592 592 593 594 594 594 594 594 595 595 595 595 596 596 596 596 596 596 597 597 598 598 598 599 599 599 599 600 600 600 601 601 602 603 603 603 603 603 604 604 605 605 606 606 606 606 607 607 608 608 608 609 609 609 609 610 610 610 610 611 611 611 611 611 612 613 613 613 613 613 614 614 614 615 615 616 616 617 617 617 618 618 618 618 619 619 619 619 619 620 621 621 621 621 621 621 621 621 622 622 622 623 623 623 623 624 624 624 625 625 626 626 626 626 626 626 626 627 627 628 628 628 628 628 628 629 630 630 630 631 631 632 632 633 633 633 635 636 636 636 636 636 637 637 637 637 637 637 637 638 638 638 639 639 639 639 639 639 640 640 640 640 641 641 641 641 642 643 643 643 644 644 644 644 644 644 644 645 645 645 645 646 646 646 647 648 648 648 649 649 650 650 650 650 650 651 651 652 652 652 652 653 653 653 654 655 655 655 655 655 655 656 656 656 657 658 658 659 659 659 659 659 659 660 660 660 660 661 661 661 661 661 661 662 662 662 662 663 663 664 664 664 664 664 664 665 665 665 667 667 667 667 668 668 668 668 668 669 669 669 669 670 670 671 671 671 671 672 672 673 674 674 674 674 674 674 674 674 675 676 676 677 677 677 677 677 677 677 677 677 678 678 678 678 679 680 681 681 682 682 682 682 683 683 683 683 683 683 683 684 684 684 684 685 685 685 685 686 686 686 687 687 687 687 687 687 688 688 688 688 689 689 689 689 689 690 690 690 691 691 692 692 692 693 693 693 693 693 694 694 694 695 696 696 696 696 697 698 698 698 698 699 699 699 699 699]
Sorted Array: [0 0 1 1 1 1 2 2 2 2 2 3 3 3 4 4 4 4 4 5 5 6 6 6 7 7 7 8 8 9 10 10 10 11 12 12 13 14 14 14 14 14 14 14 15 15 15 15 15 15 16 16 16 16 16 17 17 18 19 19 19 20 20 21 21 21 22 22 22 23 23 23 25 25 25 26 27 27 27 27 28 28 28 28 28 28 29 29 29 30 30 30 31 31 31 32 32 32 32 33 33 33 34 34 34 34 34 35 35 35 35 36 36 36 36 36 37 37 38 38 39 39 39 39 39 39 39 39 40 40 40 41 41 42 42 43 43 43 43 45 45 45 45 45 45 45 46 46 46 46 46 46 47 47 48 48 48 49 49 49 50 50 50 51 51 51 52 52 52 52 52 52 53 53 54 54 54 54 55 55 55 55 55 55 56 57 57 57 57 57 57 57 57 58 58 58 58 59 59 60 60 60 60 61 61 61 62 63 63 64 64 64 64 64 64 65 65 66 66 66 66 66 66 67 67 67 67 68 68 69 69 70 70 70 70 70 71 71 72 72 72 72 72 72 72 73 73 73 74 74 74 74 74 74 74 75 75 75 75 75 76 77 77 77 78 78 78 78 79 79 79 79 80 80 80 81 81 81 81 81 82 82 82 83 83 83 83 84 85 85 85 86 86 86 86 86 86 87 87 87 87 88 89 89 89 89 89 89 89 89 89 90 90 90 90 91 91 91 92 93 94 94 94 94 94 95 95 95 96 96 96 97 97 97 98 99 99 100 100 100 100 100 100 100 101 101 102 102 102 102 102 103 104 104 104 104 104 104 105 105 105 105 105 105 106 106 106 107 107 107 107 108 108 108 108 108 108 109 109 110 110 110 110 110 111 112 112 112 113 113 113 113 113 114 114 114 115 115 115 116 116 116 116 117 117 117 118 118 118 118 118 118 119 119 119 119 119 119 120 120 120 121 121 121 121 121 122 122 122 122 123 123 123 124 125 126 126 126 127 129 129 129 130 130 130 130 130 131 131 131 131 132 132 132 133 134 134 134 134 134 134 135 135 135 135 135 135 135 136 136 136 136 136 137 137 138 139 139 140 140 140 140 140 141 141 141 141 141 141 141 142 142 142 143 143 143 143 143 144 144 144 144 144 144 145 146 146 146 146 147 147 148 148 148 149 149 150 150 150 151 152 152 152 153 153 153 154 154 154 155 156 156 156 157 157 157 157 157 157 157 157 158 158 158 159 159 159 160 160 160 160 161 162 163 163 163 163 164 165 165 165 165 165 166 167 167 168 168 168 168 168 168 169 169 170 170 170 170 171 171 172 172 172 172 172 173 173 173 173 173 173 173 174 174 174 175 177 177 177 177 178 178 178 179 179 179 179 179 179 180 180 180 180 181 182 182 183 183 183 183 183 183 184 184 184 184 185 185 185 185 185 186 186 186 186 187 187 187 187 187 188 188 189 189 189 189 189 189 191 191 192 192 192 193 193 193 193 193 193 194 194 194 195 195 195 195 195 195 196 196 197 197 198 198 199 199 200 200 200 201 201 201 202 202 203 203 203 203 203 203 203 204 204 204 204 204 204 205 205 205 206 206 206 206 207 207 208 208 208 208 209 209 209 210 211 211 211 212 212 212 212 212 213 214 214 214 214 214 214 214 215 215 216 216 216 216 217 217 218 218 218 219 219 219 220 220 220 220 221 221 221 221 222 222 222 222 223 223 223 224 224 224 224 224 225 225 225 225 225 226 226 227 227 227 227 228 228 229 229 229 230 230 230 230 231 232 232 233 234 234 234 234 234 235 235 235 235 235 236 236 236 236 236 236 237 237 237 237 238 238 238 238 239 239 239 239 240 240 241 241 241 241 242 242 242 242 242 242 243 243 244 244 244 244 245 245 245 246 246 246 247 248 248 248 248 249 249 249 249 250 250 250 250 250 250 251 251 252 252 252 252 253 253 253 253 253 253 255 255 255 256 256 256 256 256 256 256 257 257 257 258 258 258 258 259 260 260 260 260 260 260 261 261 261 261 262 262 262 262 262 263 263 263 263 263 264 264 264 264 265 265 265 266 267 267 267 267 268 268 268 268 269 269 269 269 270 270 270 270 270 271 271 271 271 272 272 272 273 273 273 273 273 273 274 274 274 274 274 274 275 275 275 275 276 276 276 276 276 276 277 277 277 277 277 278 278 279 279 279 279 279 279 280 280 281 281 281 282 282 282 282 282 283 283 283 283 283 283 283 284 285 285 285 286 286 286 286 286 287 287 287 287 287 287 287 288 288 288 289 289 289 290 290 290 291 291 291 291 291 292 293 293 293 293 293 293 294 294 294 294 294 295 295 296 296 296 296 296 298 298 298 298 298 299 299 299 299 300 300 300 301 301 301 301 301 302 302 303 303 303 304 304 304 305 305 306 306 307 307 307 307 307 307 308 308 308 308 308 308 309 309 309 309 309 310 310 310 310 311 311 311 312 312 312 312 313 313 313 313 314 314 314 314 314 314 315 315 315 316 316 317 317 318 318 319 319 319 319 319 319 320 320 320 320 320 320 321 321 321 321 322 322 322 322 322 323 323 323 323 324 324 324 325 325 325 325 326 326 326 327 327 328 329 330 330 331 331 331 332 332 332 332 332 333 333 333 333 335 335 335 335 336 336 336 336 337 337 338 338 338 338 338 338 339 339 339 340 340 341 341 341 342 342 342 342 342 342 343 343 343 343 344 345 346 347 347 347 347 347 348 348 349 349 349 349 349 350 350 351 351 351 351 351 352 352 352 353 353 353 353 353 354 355 355 355 356 356 356 357 357 357 358 358 358 359 359 359 360 360 360 361 361 361 361 362 362 362 362 363 363 363 363 364 364 365 365 365 366 366 367 367 368 368 368 368 368 368 368 368 369 369 369 370 370 370 370 370 371 371 371 371 372 372 372 373 373 373 373 374 374 374 374 374 374 375 375 375 376 376 376 377 377 377 378 378 378 378 379 379 380 381 381 381 381 381 381 381 381 381 381 381 381 382 382 383 383 383 383 383 384 385 385 385 385 386 386 386 386 386 386 386 387 387 388 388 388 388 388 389 390 390 390 390 390 390 391 391 391 391 392 392 393 393 394 395 395 395 396 396 396 397 397 397 397 397 397 398 398 398 398 399 399 399 399 399 399 400 401 401 401 401 402 402 402 402 402 403 404 404 404 405 405 405 405 406 406 406 407 407 408 408 408 408 408 409 409 409 409 409 410 412 412 412 412 412 412 413 413 413 413 413 413 414 414 414 414 414 415 415 416 416 416 416 416 416 417 417 418 418 418 418 418 418 419 419 419 419 419 419 419 419 419 420 420 420 421 421 421 421 422 422 422 422 422 423 423 424 424 424 424 425 425 426 426 426 426 427 427 428 428 428 428 428 429 429 429 430 430 430 430 431 431 431 432 432 432 432 432 432 433 433 433 433 433 433 434 434 434 434 435 435 435 435 435 436 436 436 437 437 437 437 437 438 438 438 439 439 439 439 439 440 440 441 441 442 442 442 442 443 443 443 443 444 444 445 445 445 445 446 446 447 448 448 448 449 449 450 450 450 451 452 452 452 453 453 453 453 453 453 454 455 455 455 455 455 455 456 456 456 456 457 457 457 457 458 458 459 459 459 459 460 460 460 460 461 461 461 461 462 462 462 462 463 464 464 465 465 466 466 466 467 467 467 467 467 467 468 468 469 469 470 470 470 471 471 471 471 472 472 472 472 473 473 473 473 473 473 473 473 474 474 474 474 474 474 475 475 475 476 476 477 477 477 478 478 478 478 478 479 479 479 479 479 480 480 480 481 482 482 482 482 482 483 483 484 484 484 484 484 485 485 485 485 485 485 485 486 486 486 486 486 486 487 487 488 488 488 488 488 488 488 489 489 490 490 490 490 492 492 492 493 493 493 493 494 494 495 495 495 495 495 495 495 496 496 496 497 498 498 498 498 499 499 499 499 499 499 499 499 499 500 500 500 500 500 501 502 502 502 502 502 503 503 503 503 503 503 503 504 504 504 504 504 504 505 505 505 505 506 506 506 506 506 507 507 507 507 508 508 509 509 509 509 509 509 509 510 510 510 511 511 511 511 512 512 513 513 514 514 514 514 514 514 515 515 515 515 515 515 516 516 517 517 518 518 518 518 519 519 519 519 519 519 519 520 520 520 520 521 521 521 521 521 522 522 523 523 523 524 524 524 525 525 525 526 526 526 526 527 527 528 528 529 530 531 531 531 531 532 532 533 533 533 534 534 534 535 535 536 536 536 536 537 537 538 539 539 539 539 540 540 540 540 541 541 541 541 541 541 543 543 544 544 544 544 545 545 545 545 547 547 548 548 548 548 548 548 549 550 550 551 551 551 551 551 551 554 554 554 554 555 555 556 556 556 556 556 556 557 557 557 557 558 558 558 558 558 558 558 559 559 559 560 560 560 560 560 560 560 561 561 561 562 563 563 563 563 563 563 564 564 564 565 565 565 565 566 566 567 567 568 568 568 569 569 569 569 569 569 570 570 570 570 571 571 571 571 572 572 572 572 573 573 573 573 575 575 575 576 576 576 576 577 577 577 577 577 578 578 578 578 578 578 579 579 579 580 580 581 581 581 581 581 581 582 582 582 583 583 583 583 584 584 585 585 585 585 585 585 585 586 586 586 587 587 587 587 587 587 588 588 588 588 588 589 589 590 590 590 590 591 591 591 591 591 592 592 592 592 592 593 594 594 594 594 594 595 595 595 595 596 596 596 596 596 596 597 597 598 598 598 599 599 599 599 600 600 600 601 601 602 603 603 603 603 603 604 604 605 605 606 606 606 606 607 607 608 608 608 609 609 609 609 610 610 610 610 611 611 611 611 611 612 613 613 613 613 613 614 614 614 615 615 616 616 617 617 617 618 618 618 618 619 619 619 619 619 620 621 621 621 621 621 621 621 621 622 622 622 623 623 623 623 624 624 624 625 625 626 626 626 626 626 626 626 627 627 628 628 628 628 628 628 629 630 630 630 631 631 632 632 633 633 633 635 636 636 636 636 636 637 637 637 637 637 637 637 638 638 638 639 639 639 639 639 639 640 640 640 640 641 641 641 641 642 643 643 643 644 644 644 644 644 644 644 645 645 645 645 646 646 646 647 648 648 648 649 649 650 650 650 650 650 651 651 652 652 652 652 653 653 653 654 655 655 655 655 655 655 656 656 656 657 658 658 659 659 659 659 659 659 660 660 660 660 661 661 661 661 661 661 662 662 662 662 663 663 664 664 664 664 664 664 665 665 665 667 667 667 667 668 668 668 668 668 669 669 669 669 670 670 671 671 671 671 672 672 673 674 674 674 674 674 674 674 674 675 676 676 677 677 677 677 677 677 677 677 677 678 678 678 678 679 680 681 681 682 682 682 682 683 683 683 683 683 683 683 684 684 684 684 685 685 685 685 686 686 686 687 687 687 687 687 687 688 688 688 688 689 689 689 689 689 690 690 690 691 691 692 692 692 693 693 693 693 693 694 694 694 695 696 696 696 696 697 698 698 698 698 699 699 699 699 699 701 701 701 701 702 702 703 704 704 704 704 704 705 705 705 705 706 706 707 708 708 709 710 710 710 710 710 711 712 712 713 714 714 714 714 714 714 714 715 715 715 716 717 718 718 719 719 719 720 720 720 720 721 722 722 723 723 723 724 724 724 724 724 724 725 726 727 727 727 727 727 728 728 728 729 729 729 729 729 729 730 730 730 731 731 731 731 732 732 732 732 733 733 734 734 734 734 734 734 735 735 735 735 736 736 736 737 738 738 738 738 739 739 740 740 740 740 740 740 741 741 741 742 742 743 743 744 744 744 744 744 745 745 745 746 746 746 747 747 747 748 748 749 749 749 749 749 750 750 750 750 750 750 750 751 751 752 752 752 752 752 753 753 754 754 754 754 755 755 755 755 755 756 756 756 756 756 756 756 757 757 757 757 757 757 758 758 759 759 759 760 760 760 760 761 761 761 761 761 762 762 762 762 762 762 763 763 763 763 763 764 764 764 765 765 765 765 765 765 765 765 766 766 767 767 767 767 768 769 769 769 769 769 769 769 769 770 770 770 771 771 771 771 772 772 773 773 773 774 774 774 775 775 776 776 776 776 777 777 778 778 778 779 779 779 780 780 780 780 781 781 781 781 782 782 783 783 784 784 784 785 785 785 786 787 787 787 787 788 788 788 788 789 789 789 789 789 789 790 790 790 791 791 791 792 792 792 792 793 793 793 793 793 794 794 794 794 794 795 795 795 795 795 795 795 796 796 796 796 797 797 798 798 798 798 799 799 799 800 800 800 800 801 801 801 801 801 802 802 802 803 803 803 803 803 803 804 804 805 805 805 805 805 806 806 806 807 807 807 807 807 809 809 809 812 812 812 812 812 813 814 814 814 814 815 815 816 816 816 817 817 818 818 818 818 818 819 819 819 819 819 819 820 820 820 820 820 820 821 821 821 821 821 822 822 822 823 823 823 823 823 824 824 825 825 825 825 825 825 825 826 826 826 826 826 826 826 826 827 827 827 828 828 828 828 829 829 829 829 829 829 830 830 831 831 831 831 831 832 832 832 832 832 833 833 834 834 835 835 835 835 835 836 836 837 838 838 838 838 839 840 840 840 841 841 842 842 842 842 842 842 843 843 843 843 844 845 845 845 845 846 846 846 846 846 847 847 847 847 847 847 847 848 848 848 848 849 851 851 851 851 851 851 852 852 853 853 853 853 853 854 854 854 855 856 856 856 857 857 857 857 858 858 858 858 858 859 859 859 859 859 860 860 861 861 861 861 861 861 862 862 862 862 862 863 863 863 863 864 864 864 864 864 865 865 865 865 865 866 867 867 867 867 867 868 868 868 868 868 869 869 870 870 870 871 872 872 872 872 873 873 873 873 874 874 874 874 874 875 875 875 875 875 876 877 877 877 878 879 879 879 879 879 879 879 880 880 880 880 881 881 882 882 882 882 882 882 882 882 882 882 882 883 883 884 884 885 885 885 885 885 886 886 886 887 887 887 887 887 888 888 888 889 889 890 890 890 890 891 891 891 892 892 893 894 894 894 894 894 895 895 895 896 896 897 897 897 897 897 898 898 898 898 898 899 899 899 899 900 900 900 900 901 901 901 901 901 902 902 902 902 903 903 903 903 904 904 904 904 905 905 906 906 906 906 906 906 906 907 907 907 907 907 907 907 908 908 909 909 909 909 909 909 911 911 911 912 912 912 912 913 913 914 914 914 914 914 915 915 916 916 916 917 917 917 918 918 918 918 919 919 919 919 919 919 919 920 920 921 921 921 921 922 922 922 922 922 922 922 923 923 923 923 923 923 923 923 923 923 924 924 924 925 925 926 927 928 930 930 930 930 930 930 930 931 932 932 932 932 932 932 932 932 932 933 933 933 933 934 934 934 934 934 934 935 935 936 937 937 938 938 938 938 939 939 939 940 940 940 941 942 942 942 942 943 943 943 943 943 944 944 944 944 944 944 944 945 945 946 946 946 946 946 947 947 948 948 949 949 950 950 950 950 950 950 951 951 951 951 952 952 952 953 954 954 954 955 955 955 955 957 957 957 958 958 958 960 960 960 961 961 961 961 961 961 961 962 962 962 962 962 962 962 962 962 962 963 963 963 964 965 965 965 966 966 967 967 968 968 969 969 969 969 969 969 970 970 970 971 971 971 971 971 972 972 972 972 972 973 973 973 973 973 973 974 974 974 974 974 974 975 975 975 976 976 976 976 977 977 978 978 979 979 980 980 980 981 981 981 982 983 983 983 983 983 983 984 984 984 985 985 985 986 986 986 987 987 987 987 987 988 988 988 988 988 989 989 989 989 990 990 991 991 991 992 992 993 993 994 994 995 995 996 996 996 997 997 997 997 997 997 998 998 999 999 999]
